0.5 1 0 
0.183277 -1.10291 0 
0.41459 1.01286 0 
0.0978671 -1.09005 0 
0.329181 1.02573 0 
0.0124575 -1.07718 0 
0.243771 1.03859 0 
-0.0729521 -1.06432 0 
0.158362 1.05145 0 
-0.158362 -1.05145 0 
0.072952 1.06432 0 
-0.243771 -1.03859 0 
-0.0124576 1.07718 0 
-0.329181 -1.02573 0 
-0.0978672 1.09005 0 
-0.41459 -1.01286 0 
-0.183277 1.10291 0 
0.796548 -0.784545 0 
-0.259936 1.06311 0 
0.719889 -0.824341 0 
-0.336595 1.02332 0 
0.64323 -0.864136 0 
-0.413253 0.983523 0 
0.566571 -0.903932 0 
-0.489912 0.943727 0 
0.489912 -0.943727 0 
-0.566571 0.903932 0 
0.413253 -0.983523 0 
-0.64323 0.864136 0 
0.336594 -1.02332 0 
-0.719889 0.824341 0 
0.259936 -1.06311 0 
-0.796548 0.784545 0 
1.10556 -0.166511 0 
-0.835175 0.707291 0 
1.06694 -0.243766 0 
-0.873802 0.630037 0 
1.02831 -0.32102 0 
-0.912429 0.552783 0 
0.989684 -0.398274 0 
-0.951056 0.475528 0 
0.951056 -0.475528 0 
-0.989684 0.398274 0 
0.912429 -0.552783 0 
-1.02831 0.32102 0 
0.873802 -0.630037 0 
-1.06694 0.243766 0 
0.835175 -0.707291 0 
-1.10556 0.166511 0 
0.992294 0.515124 0 
-1.09141 0.0813069 0 
1.00645 0.42992 0 
-1.07725 -0.00389759 0 
1.02061 0.344715 0 
-1.06309 -0.089102 0 
1.03477 0.259511 0 
-1.04893 -0.174306 0 
1.04893 0.174306 0 
-1.03477 -0.259511 0 
1.06309 0.089102 0 
-1.02061 -0.344715 0 
1.07725 0.00389758 0 
-1.00645 -0.42992 0 
1.09141 -0.0813069 0 
-0.992294 -0.515124 0 
0.5 1 0 
-0.930757 -0.575734 0 
0.561537 0.93939 0 
-0.86922 -0.636343 0 
0.623074 0.878781 0 
-0.807684 -0.696953 0 
0.68461 0.818172 0 
-0.746147 -0.757562 0 
0.746147 0.757562 0 
-0.68461 -0.818172 0 
0.807684 0.696953 0 
-0.623073 -0.878781 0 
0.86922 0.636343 0 
-0.561537 -0.93939 0 
0.930757 0.575734 0 
