0.5 1 0 
0.360497 0.991627 0 
0.220994 0.983253 0 
0.0814905 0.97488 0 
-0.0580127 0.966506 0 
-0.197516 0.958133 0 
-0.337019 0.94976 0 
-0.476522 0.941386 0 
-0.616025 0.933013 0 
-0.616025 0.933013 0 
-0.678525 0.808013 0 
-0.741025 0.683013 0 
-0.803525 0.558013 0 
-0.866025 0.433013 0 
-0.928525 0.308013 0 
-0.991025 0.183013 0 
-1.05353 0.0580126 0 
-1.11603 -0.0669874 0 
-1.11603 -0.0669874 0 
-1.03902 -0.183614 0 
-0.962019 -0.300241 0 
-0.885016 -0.416867 0 
-0.808013 -0.533494 0 
-0.731009 -0.65012 0 
-0.654006 -0.766747 0 
-0.577003 -0.883373 0 
-0.5 -1 0 
-0.5 -1 0 
-0.360497 -0.991627 0 
-0.220994 -0.983253 0 
-0.0814903 -0.97488 0 
0.0580129 -0.966506 0 
0.197516 -0.958133 0 
0.337019 -0.949759 0 
0.476522 -0.941386 0 
0.616026 -0.933013 0 
0.616026 -0.933013 0 
0.678526 -0.808013 0 
0.741026 -0.683013 0 
0.803526 -0.558012 0 
0.866026 -0.433012 0 
0.928526 -0.308012 0 
0.991026 -0.183012 0 
1.05353 -0.0580124 0 
1.11603 0.0669876 0 
1.11603 0.0669876 0 
1.03902 0.183614 0 
0.962019 0.300241 0 
0.885016 0.416867 0 
0.808013 0.533494 0 
0.731009 0.65012 0 
0.654006 0.766747 0 
0.577003 0.883374 0 
0.5 1 0 
