0.5 1 0 
0.0669873 -1.11603 0 
0.429127 1.0145 0 
-0.00388613 -1.10152 0 
0.358253 1.02901 0 
-0.0747595 -1.08702 0 
0.28738 1.04351 0 
-0.145633 -1.07252 0 
0.216506 1.05801 0 
-0.216506 -1.05801 0 
0.145633 1.07252 0 
-0.28738 -1.04351 0 
0.0747595 1.08702 0 
-0.358253 -1.02901 0 
0.00388613 1.10152 0 
-0.429127 -1.0145 0 
-0.0669873 1.11603 0 
0.616025 -0.933013 0 
-0.135617 1.09315 0 
0.547396 -0.955889 0 
-0.204247 1.07027 0 
0.478766 -0.978766 0 
-0.272877 1.0474 0 
0.410136 -1.00164 0 
-0.341506 1.02452 0 
0.341506 -1.02452 0 
-0.410136 1.00164 0 
0.272877 -1.0474 0 
-0.478766 0.978766 0 
0.204247 -1.07027 0 
-0.547396 0.955889 0 
0.135617 -1.09315 0 
-0.616025 0.933013 0 
1 -0.5 0 
-0.664022 0.878886 0 
0.952003 -0.554127 0 
-0.712019 0.82476 0 
0.904006 -0.608253 0 
-0.760016 0.770633 0 
0.85601 -0.66238 0 
-0.808013 0.716506 0 
0.808013 -0.716506 0 
-0.85601 0.66238 0 
0.760016 -0.770633 0 
-0.904006 0.608253 0 
0.712019 -0.82476 0 
-0.952003 0.554127 0 
0.664022 -0.878886 0 
-1 0.5 0 
1.11603 0.0669873 0 
-1.0145 0.429127 0 
1.10152 -0.00388613 0 
-1.02901 0.358253 0 
1.08702 -0.0747595 0 
-1.04351 0.28738 0 
1.07252 -0.145633 0 
-1.05801 0.216506 0 
1.05801 -0.216506 0 
-1.07252 0.145633 0 
1.04351 -0.28738 0 
-1.08702 0.0747595 0 
1.02901 -0.358253 0 
-1.10152 0.00388613 0 
1.0145 -0.429127 0 
-1.11603 -0.0669873 0 
0.933013 0.616025 0 
-1.09315 -0.135617 0 
0.955889 0.547396 0 
-1.07027 -0.204247 0 
0.978766 0.478766 0 
-1.0474 -0.272877 0 
1.00164 0.410136 0 
-1.02452 -0.341506 0 
1.02452 0.341506 0 
-1.00164 -0.410136 0 
1.0474 0.272877 0 
-0.978766 -0.478766 0 
1.07027 0.204247 0 
-0.955889 -0.547396 0 
1.09315 0.135617 0 
-0.933013 -0.616025 0 
0.5 1 0 
-0.878886 -0.664022 0 
0.554127 0.952003 0 
-0.82476 -0.712019 0 
0.608253 0.904006 0 
-0.770633 -0.760016 0 
0.66238 0.85601 0 
-0.716506 -0.808013 0 
0.716506 0.808013 0 
-0.66238 -0.85601 0 
0.770633 0.760016 0 
-0.608253 -0.904006 0 
0.82476 0.712019 0 
-0.554127 -0.952003 0 
0.878886 0.664022 0 
