0.5 1 0 
0.393306 1.00758 0 
0.286612 1.01517 0 
0.179917 1.02275 0 
0.0732233 1.03033 0 
-0.0334709 1.03791 0 
-0.140165 1.0455 0 
-0.246859 1.05308 0 
-0.353553 1.06066 0 
-0.353553 1.06066 0 
-0.434359 0.990578 0 
-0.515165 0.920495 0 
-0.595971 0.850413 0 
-0.676777 0.78033 0 
-0.757583 0.710248 0 
-0.838388 0.640165 0 
-0.919194 0.570082 0 
-1 0.5 0 
-1 0.5 0 
-1.00758 0.393306 0 
-1.01516 0.286612 0 
-1.02275 0.179917 0 
-1.03033 0.0732233 0 
-1.03791 -0.0334709 0 
-1.0455 -0.140165 0 
-1.05308 -0.246859 0 
-1.06066 -0.353553 0 
-1.06066 -0.353553 0 
-0.990578 -0.434359 0 
-0.920495 -0.515165 0 
-0.850413 -0.595971 0 
-0.78033 -0.676777 0 
-0.710248 -0.757582 0 
-0.640165 -0.838388 0 
-0.570083 -0.919194 0 
-0.5 -1 0 
-0.5 -1 0 
-0.393306 -1.00758 0 
-0.286612 -1.01516 0 
-0.179917 -1.02275 0 
-0.0732233 -1.03033 0 
0.0334708 -1.03791 0 
0.140165 -1.0455 0 
0.246859 -1.05308 0 
0.353553 -1.06066 0 
0.353553 -1.06066 0 
0.434359 -0.990578 0 
0.515165 -0.920495 0 
0.595971 -0.850413 0 
0.676777 -0.78033 0 
0.757582 -0.710248 0 
0.838388 -0.640165 0 
0.919194 -0.570083 0 
1 -0.5 0 
1 -0.5 0 
1.00758 -0.393306 0 
1.01516 -0.286612 0 
1.02275 -0.179917 0 
1.03033 -0.0732233 0 
1.03791 0.0334708 0 
1.0455 0.140165 0 
1.05308 0.246859 0 
1.06066 0.353553 0 
1.06066 0.353553 0 
0.990578 0.434359 0 
0.920495 0.515165 0 
0.850413 0.595971 0 
0.78033 0.676777 0 
0.710248 0.757582 0 
0.640165 0.838388 0 
0.570083 0.919194 0 
0.5 1 0 
