0.5 1 0 
0.439575 1.01474 0 
0.37915 1.02948 0 
0.318725 1.04422 0 
0.2583 1.05896 0 
0.197875 1.07369 0 
0.137451 1.08843 0 
0.0770256 1.10317 0 
0.0166007 1.11791 0 
0.0166007 1.11791 0 
-0.0442352 1.10497 0 
-0.105071 1.09203 0 
-0.165907 1.0791 0 
-0.226743 1.06616 0 
-0.287579 1.05322 0 
-0.348415 1.04028 0 
-0.409251 1.02734 0 
-0.470087 1.01441 0 
-0.470087 1.01441 0 
-0.519284 0.976353 0 
-0.568482 0.9383 0 
-0.617679 0.900248 0 
-0.666877 0.862195 0 
-0.716075 0.824143 0 
-0.765272 0.78609 0 
-0.81447 0.748037 0 
-0.863667 0.709985 0 
-0.863667 0.709985 0 
-0.891482 0.654355 0 
-0.919298 0.598724 0 
-0.947113 0.543094 0 
-0.974928 0.487464 0 
-1.00274 0.431834 0 
-1.03056 0.376203 0 
-1.05837 0.320573 0 
-1.08619 0.264943 0 
-1.08619 0.264943 0 
-1.08711 0.202753 0 
-1.08804 0.140564 0 
-1.08896 0.0783741 0 
-1.08988 0.0161845 0 
-1.09081 -0.0460051 0 
-1.09173 -0.108195 0 
-1.09265 -0.170384 0 
-1.09358 -0.232574 0 
-1.09358 -0.232574 0 
-1.06743 -0.289006 0 
-1.04127 -0.345437 0 
-1.01512 -0.401869 0 
-0.988972 -0.4583 0 
-0.962821 -0.514732 0 
-0.93667 -0.571164 0 
-0.910519 -0.627595 0 
-0.884368 -0.684027 0 
-0.884368 -0.684027 0 
-0.836322 -0.723524 0 
-0.788276 -0.76302 0 
-0.74023 -0.802517 0 
-0.692184 -0.842013 0 
-0.644138 -0.88151 0 
-0.596092 -0.921007 0 
-0.548046 -0.960503 0 
-0.5 -1 0 
-0.5 -1 0 
-0.439575 -1.01474 0 
-0.37915 -1.02948 0 
-0.318725 -1.04422 0 
-0.2583 -1.05896 0 
-0.197875 -1.07369 0 
-0.137451 -1.08843 0 
-0.0770257 -1.10317 0 
-0.0166007 -1.11791 0 
-0.0166007 -1.11791 0 
0.0442352 -1.10497 0 
0.105071 -1.09203 0 
0.165907 -1.0791 0 
0.226743 -1.06616 0 
0.287579 -1.05322 0 
0.348415 -1.04028 0 
0.409251 -1.02734 0 
0.470086 -1.01441 0 
0.470086 -1.01441 0 
0.519284 -0.976353 0 
0.568482 -0.9383 0 
0.617679 -0.900248 0 
0.666877 -0.862195 0 
0.716074 -0.824143 0 
0.765272 -0.78609 0 
0.81447 -0.748037 0 
0.863667 -0.709985 0 
0.863667 -0.709985 0 
0.891482 -0.654355 0 
0.919297 -0.598724 0 
0.947113 -0.543094 0 
0.974928 -0.487464 0 
1.00274 -0.431834 0 
1.03056 -0.376203 0 
1.05837 -0.320573 0 
1.08619 -0.264943 0 
1.08619 -0.264943 0 
1.08711 -0.202753 0 
1.08804 -0.140564 0 
1.08896 -0.0783742 0 
1.08988 -0.0161846 0 
1.09081 0.046005 0 
1.09173 0.108195 0 
1.09265 0.170384 0 
1.09358 0.232574 0 
1.09358 0.232574 0 
1.06743 0.289005 0 
1.04127 0.345437 0 
1.01512 0.401869 0 
0.988972 0.4583 0 
0.962821 0.514732 0 
0.93667 0.571164 0 
0.910519 0.627595 0 
0.884368 0.684027 0 
0.884368 0.684027 0 
0.836322 0.723523 0 
0.788276 0.76302 0 
0.74023 0.802517 0 
0.692184 0.842013 0 
0.644138 0.88151 0 
0.596092 0.921006 0 
0.548046 0.960503 0 
0.5 1 0 
